500
6
1207
69 82 98 94 79 78
100 46 5
63 73 2
73 71 6
60 50 6
62 49 6
38 67 1
15 31 2
66 30 4
10 79 6
83 39 3
90 27 4
55 24 6
12 34 4
84 28 1
50 65 3
64 80 4
100 33 1
13 21 6
30 35 4
66 73 2
38 47 2
98 32 6
16 24 5
31 43 6
61 70 5
87 33 4
89 28 3
32 42 6
99 74 1
31 25 5
74 60 6
65 62 1
84 70 3
72 78 4
83 76 3
60 46 2
95 32 3
22 68 4
45 23 1
66 80 3
32 34 1
41 38 4
18 48 4
56 27 1
48 77 4
12 50 4
82 45 4
79 61 6
94 54 3
14 77 2
49 60 6
59 38 5
36 59 6
75 50 4
12 54 2
11 65 6
62 49 2
61 70 5
43 62 3
26 58 3
20 39 2
96 48 5
22 49 1
13 71 1
39 69 5
37 72 2
63 26 2
95 47 4
15 73 3
36 70 3
43 70 3
39 53 6
71 54 4
82 20 5
97 32 6
55 45 4
73 47 3
21 42 3
77 64 4
49 40 1
100 45 3
67 77 1
17 78 6
45 37 1
98 30 5
70 32 5
13 77 5
81 55 5
31 26 2
92 45 2
46 54 3
30 40 4
23 38 1
35 79 1
69 78 4
21 30 5
22 43 1
92 63 6
61 68 6
23 41 2
83 74 4
22 31 3
63 27 4
69 28 2
88 39 6
92 64 6
91 23 5
14 46 4
43 28 3
33 46 5
40 40 2
87 55 3
69 46 3
57 49 6
47 69 5
80 21 6
74 76 1
50 38 2
72 21 2
94 50 6
22 62 2
43 62 1
56 60 1
36 28 5
96 22 1
93 56 1
10 56 3
100 53 3
56 80 3
45 21 6
10 21 6
100 76 2
46 49 4
41 29 5
87 40 6
77 78 3
59 73 3
88 53 2
91 69 6
40 75 4
40 67 4
64 76 3
51 37 6
33 59 4
94 28 2
26 52 4
12 41 6
44 47 4
34 24 6
69 50 6
53 47 5
100 36 3
99 75 4
37 69 3
34 52 5
73 64 6
23 64 6
99 73 4
91 74 1
81 42 5
94 76 4
85 29 1
50 70 5
59 69 3
63 65 4
93 37 4
57 69 6
16 59 6
87 29 5
54 53 5
15 66 2
69 51 2
20 68 3
47 25 4
100 64 6
37 73 4
100 77 5
68 66 1
82 58 2
90 66 4
33 24 4
14 24 5
37 24 2
59 69 4
44 31 2
74 32 3
46 79 6
51 23 1
43 78 5
49 58 3
46 20 6
27 80 5
32 33 3
58 46 6
20 39 3
24 58 5
23 48 1
18 26 4
83 67 4
71 42 4
70 43 2
17 55 2
12 70 1
78 20 1
60 29 2
35 24 4
11 70 2
21 61 2
28 34 1
59 21 6
15 69 5
90 23 5
97 38 4
71 34 1
76 65 2
94 58 3
31 32 4
57 71 6
63 66 2
33 37 6
93 36 6
51 55 3
89 60 6
59 51 5
96 50 6
45 20 2
58 76 5
16 43 6
18 48 6
76 21 4
88 54 5
69 32 2
84 34 5
20 37 2
38 63 1
17 64 6
56 26 5
40 62 4
83 78 2
29 32 3
37 25 1
74 37 3
25 51 2
96 21 2
90 62 5
48 41 4
84 64 4
61 25 3
70 68 1
86 53 3
64 50 3
100 22 3
17 49 5
73 61 3
36 40 6
47 26 4
48 47 4
15 80 2
32 67 3
45 35 2
100 63 2
12 73 3
66 52 2
92 25 3
72 61 4
13 48 4
56 46 4
20 56 1
52 33 1
72 60 2
100 33 6
54 32 5
89 52 1
78 76 4
35 51 5
28 59 5
84 43 1
36 67 1
62 31 6
97 73 5
100 37 3
61 70 1
79 80 5
53 31 5
21 49 4
34 30 2
77 54 5
83 30 4
39 59 2
25 76 5
95 37 5
10 29 2
50 56 5
26 53 4
67 71 5
16 65 3
25 61 3
75 63 2
48 41 4
68 28 3
54 44 4
52 52 4
18 31 5
25 79 4
71 69 5
61 66 6
13 69 5
85 71 1
96 58 1
38 51 6
78 73 4
36 43 4
52 30 1
33 26 3
37 20 3
23 45 1
20 74 1
45 40 2
13 47 2
63 45 6
38 29 2
26 40 2
90 45 4
10 37 1
58 23 3
11 43 4
42 52 3
82 60 3
89 79 4
33 35 6
79 47 3
78 41 3
59 43 2
87 22 3
99 63 6
71 64 3
51 41 5
83 47 3
40 23 3
47 23 3
38 80 2
62 57 1
73 76 5
72 66 1
51 38 6
67 33 6
44 45 4
85 55 2
20 80 3
83 52 5
24 21 3
75 80 5
34 29 4
36 31 1
72 34 3
19 36 4
72 67 1
21 65 3
91 57 3
58 61 1
100 40 1
22 51 5
85 60 4
41 68 2
96 72 2
50 52 3
85 44 5
25 71 4
95 62 1
57 72 3
26 35 4
33 64 5
95 67 2
55 43 3
20 60 4
75 45 3
61 76 4
35 76 1
62 56 2
29 46 6
66 29 5
11 78 3
76 42 6
16 66 6
59 76 1
21 23 5
99 24 2
89 25 6
16 21 4
69 68 3
23 27 1
79 27 5
22 79 3
13 69 2
84 73 6
85 80 4
43 22 2
82 38 5
15 52 6
24 37 6
24 72 5
39 56 5
38 75 3
30 74 4
62 40 2
27 28 6
21 64 1
99 55 3
19 66 2
33 64 5
36 76 6
26 48 2
23 27 6
91 44 2
22 50 2
84 76 5
11 74 1
32 55 6
24 52 4
99 21 4
84 44 2
79 44 4
37 79 6
39 40 5
15 69 3
86 63 2
75 40 1
26 50 5
20 38 4
100 30 3
94 35 2
95 66 5
35 36 2
17 32 1
42 25 3
98 32 2
44 80 3
74 26 2
17 56 6
77 54 5
18 60 3
39 50 1
23 79 5
53 67 3
100 37 4
98 51 6
80 39 6
20 55 3
73 65 1
23 48 3
36 37 3
28 80 5
66 65 1
93 79 4
88 79 3
81 28 6
11 77 4
46 66 2
43 52 2
10 25 3
39 59 5
67 39 2
34 59 5
66 79 2
98 22 3
53 23 3
39 42 3
54 52 3
42 57 1
75 45 4
68 61 1
89 80 6
64 29 6
43 33 1
92 41 5
87 39 4
61 78 3
51 62 3
61 45 2
83 70 4
15 76 4
37 68 4
73 47 2
59 77 1
71 21 1
69 56 3
43 67 4
82 70 1
88 58 4
34 21 1
87 67 2
61 50 5
55 73 3
52 68 3
45 36 6
33 78 2
39 50 3
39 56 4
51 54 5
63 76 4

500
5
1553
108 99 97 101 95
81 59 5
68 48 2
81 39 1
57 38 4
22 39 2
29 37 2
25 77 5
62 26 2
31 24 5
42 22 5
95 30 3
36 69 2
16 43 3
23 74 1
65 33 2
30 51 3
100 68 3
23 77 4
80 65 4
30 63 5
33 48 3
41 50 5
30 67 3
45 20 1
25 45 4
97 48 1
37 39 5
39 74 5
41 77 4
49 55 1
88 68 1
87 37 4
22 64 5
35 61 4
73 26 5
70 62 5
73 61 3
17 36 3
32 32 2
13 78 4
75 35 5
21 50 4
53 52 3
28 39 2
32 35 1
98 42 5
11 36 5
94 45 3
29 41 3
56 59 5
33 77 2
80 77 1
66 43 5
55 50 5
14 53 4
24 47 4
33 53 1
65 20 4
40 51 5
41 55 1
46 71 5
44 57 2
97 61 2
34 21 1
52 26 3
94 57 2
39 67 3
25 35 4
54 47 1
92 80 4
11 35 1
43 71 1
31 40 4
12 57 4
51 77 4
81 39 3
93 28 1
79 25 1
13 58 4
95 33 3
14 76 3
86 37 1
51 49 4
56 27 1
98 27 1
80 29 4
55 34 2
86 38 1
99 41 3
55 71 1
33 76 1
21 74 4
39 51 3
24 28 4
60 23 2
71 41 3
52 46 1
94 29 2
90 30 4
21 68 4
63 65 3
94 39 2
56 38 4
93 77 5
91 36 4
55 61 3
42 74 4
53 29 1
39 46 4
32 78 1
73 48 4
90 44 3
24 30 1
65 36 5
13 33 3
42 43 2
39 62 1
98 55 3
87 80 1
37 27 5
24 33 5
56 32 2
18 23 1
44 23 5
22 62 1
15 69 1
74 57 2
97 56 1
64 41 1
30 68 3
87 39 2
63 71 4
99 40 1
74 32 1
80 22 3
98 65 3
32 57 1
99 33 4
58 55 5
33 60 4
13 46 1
87 70 4
17 58 5
43 30 2
45 66 5
83 38 2
13 32 4
25 33 3
14 30 3
97 51 3
51 74 4
53 31 4
92 62 2
61 36 2
45 40 3
18 78 2
64 59 4
80 28 2
16 58 2
97 25 5
11 73 3
85 40 2
19 52 2
81 53 1
25 38 5
52 36 1
35 53 4
72 62 4
51 39 1
83 79 1
68 48 3
62 78 3
17 28 1
55 47 4
59 39 5
28 25 5
45 70 3
66 71 5
59 38 5
31 45 5
74 67 2
49 31 4
30 46 1
50 65 4
24 50 1
17 67 4
55 64 3
95 28 5
26 40 5
90 55 3
19 40 2
35 67 5
91 46 3
45 67 3
51 64 3
88 26 1
66 33 5
33 71 1
63 33 3
88 41 2
33 49 5
94 58 2
34 43 1
10 47 5
80 56 5
97 66 1
58 80 5
52 23 2
98 77 3
25 34 2
96 28 3
51 52 1
88 76 2
41 57 1
94 26 4
43 46 2
58 66 3
33 40 1
15 40 1
36 49 3
40 42 4
75 24 5
71 26 5
34 54 4
65 40 2
93 41 3
89 52 4
22 26 3
66 65 1
26 69 1
66 20 1
98 38 4
73 75 1
35 20 5
59 37 1
57 63 4
61 46 4
33 31 5
36 78 5
49 73 2
54 63 1
74 56 4
33 45 2
73 38 5
63 71 1
95 70 2
26 22 1
49 75 2
53 24 4
14 76 3
19 68 1
95 23 3
83 36 1
31 59 4
69 70 2
89 42 2
18 24 2
61 40 2
51 45 1
40 60 1
74 78 1
43 72 5
62 38 1
48 72 2
75 77 4
16 20 5
54 77 1
60 54 1
21 60 3
76 80 2
77 53 2
64 38 2
34 52 4
77 39 3
93 58 1
23 21 5
14 33 4
70 43 2
94 20 4
41 30 2
60 71 1
69 53 3
75 24 3
22 55 3
76 80 2
97 66 1
46 35 2
60 33 3
36 62 5
46 43 4
17 46 4
36 30 5
73 76 2
94 27 4
45 26 5
25 42 1
72 73 4
52 56 5
29 43 2
12 61 5
60 53 2
87 72 5
14 54 1
74 80 5
77 43 1
49 39 5
23 64 1
40 73 4
75 43 2
18 61 5
76 29 1
19 59 1
34 32 4
67 69 3
91 41 5
38 57 2
52 37 4
92 59 5
48 33 2
49 77 1
20 33 4
98 40 5
25 44 3
47 68 2
35 20 3
15 25 4
56 40 1
57 75 5
29 46 4
19 77 1
76 28 4
62 40 5
52 63 5
77 71 3
81 79 2
97 37 5
97 65 2
95 59 5
28 38 3
56 67 5
44 59 1
12 49 2
87 50 5
69 32 1
33 23 3
39 47 4
40 68 5
63 52 5
33 47 4
85 60 1
33 75 3
30 74 4
44 47 5
57 24 2
56 79 2
88 63 5
15 61 2
39 80 5
83 78 2
85 71 3
53 59 1
55 49 3
53 71 1
80 34 3
45 80 2
54 55 3
10 48 3
28 74 4
59 72 3
18 52 4
34 52 2
70 42 5
73 79 5
22 47 3
16 50 1
38 23 1
54 34 3
87 67 3
87 43 2
83 39 4
51 63 3
98 52 5
26 75 4
41 47 2
81 57 4
99 44 1
47 44 4
37 41 2
63 50 3
28 64 5
76 28 5
79 67 4
27 31 2
60 78 1
15 38 4
41 66 5
80 49 3
90 29 2
97 61 3
76 50 4
97 71 3
26 36 4
74 35 2
64 26 4
71 50 3
36 76 3
99 36 4
54 26 3
23 52 1
37 45 1
47 70 4
61 35 1
73 37 2
99 67 1
26 23 4
51 30 2
58 21 3
92 74 2
80 37 2
35 50 2
74 29 4
39 56 5
11 51 4
77 71 4
47 78 5
19 29 4
13 25 3
96 28 3
95 79 2
41 37 1
42 59 2
88 40 2
71 66 3
11 78 4
88 31 2
24 69 1
39 63 1
86 75 1
13 50 5
31 50 5
28 64 2
19 41 4
64 24 5
38 46 5
94 23 1
47 57 2
67 62 3
35 27 2
62 50 5
84 80 2
23 47 1
91 69 3
31 20 4
97 68 5
23 57 1
65 59 2
36 40 2
37 77 3
33 62 5
57 54 4
33 57 2
90 76 3
45 79 2
19 66 4
13 47 3
32 63 1
74 21 1
66 51 5
51 54 2
38 58 3
13 38 3
66 46 3
20 47 5
27 68 2
52 43 1
99 67 2
24 72 3
51 56 4
100 72 1
81 49 4
92 65 3
37 71 3
67 26 5
54 22 1
46 29 4
43 41 2
10 44 4
28 59 1
78 75 3
28 29 1
64 35 3
97 28 2
98 57 5
100 54 4
54 40 4
51 55 5
75 46 3
54 29 2
62 25 4
33 29 1

500
9
1217
46 57 58 48 60 60 53 59 59
65 61 2
63 40 3
67 29 7
36 34 5
53 30 2
99 20 3
55 30 9
56 43 7
61 53 2
84 31 5
57 65 6
34 61 4
52 45 2
11 28 6
63 60 2
71 33 9
58 33 5
93 38 3
27 76 5
58 64 4
92 69 2
17 21 2
99 79 1
51 26 6
91 33 3
13 72 5
70 67 5
38 77 3
63 62 2
95 46 9
57 78 9
98 37 6
42 39 2
66 31 5
53 33 8
74 76 5
41 29 9
79 38 8
68 27 3
55 61 1
13 34 5
69 39 9
63 29 7
30 27 3
17 28 8
14 79 9
54 46 3
22 24 6
36 73 4
59 57 3
45 44 3
98 77 6
23 35 9
27 57 8
71 58 7
97 44 8
41 76 3
37 28 3
92 24 3
74 57 4
95 57 9
33 33 1
83 63 7
81 29 4
57 45 8
46 27 6
15 73 4
55 55 3
59 42 2
33 80 2
91 40 4
17 55 9
18 76 2
44 43 9
68 66 2
18 27 7
87 79 9
97 59 8
40 31 7
94 53 4
67 59 9
44 29 1
13 40 4
51 74 5
44 63 9
70 66 2
82 74 6
90 73 2
24 21 2
71 73 6
43 22 9
31 22 5
84 34 3
52 30 1
90 74 6
86 23 6
45 45 6
19 77 8
56 36 2
60 75 2
82 48 8
52 32 8
92 28 7
30 45 6
29 39 6
18 25 1
42 45 2
67 34 7
97 79 1
85 68 8
45 35 6
79 55 8
68 52 9
23 68 4
80 21 9
98 74 3
58 58 7
14 63 2
46 23 7
41 22 4
23 26 7
64 25 9
51 78 6
17 25 7
71 20 6
94 20 8
63 37 4
23 56 9
68 54 4
46 32 7
75 60 6
15 40 7
85 52 9
20 42 4
97 20 9
15 29 6
58 20 4
72 38 1
22 26 9
73 80 1
28 21 7
72 31 3
93 40 4
73 27 8
10 30 5
36 57 7
40 74 3
56 78 9
14 47 3
47 59 9
12 21 6
33 52 8
87 43 1
22 79 3
71 69 2
58 61 4
95 31 1
41 22 9
86 40 8
70 78 2
78 39 7
21 29 7
99 26 9
81 35 8
28 39 2
18 48 6
15 66 6
92 79 7
42 65 4
97 51 8
67 28 1
80 30 2
86 45 2
66 73 4
52 26 6
42 59 6
58 57 3
64 53 3
39 28 7
70 79 5
10 72 1
36 44 2
10 66 4
15 35 2
76 64 6
37 28 7
22 32 9
75 61 3
39 31 5
39 62 8
16 48 2
61 77 4
32 53 7
32 38 6
46 49 7
88 37 3
72 35 4
54 65 8
63 49 1
97 21 8
21 65 1
20 24 3
47 27 9
95 78 4
30 53 5
50 47 5
90 44 7
90 60 9
42 71 3
71 40 1
30 71 8
82 45 3
21 57 2
88 49 9
98 65 8
96 63 5
57 63 9
23 74 1
98 60 6
89 67 1
87 47 1
46 21 5
97 76 8
80 33 2
12 71 8
75 35 2
20 33 1
20 63 3
88 35 8
77 43 3
56 23 8
73 34 1
95 48 8
35 60 8
82 80 1
12 80 2
58 42 9
40 68 6
39 59 7
57 27 6
66 71 4
86 35 3
77 32 5
77 60 7
82 75 4
47 28 9
100 29 2
17 59 6
86 67 8
96 70 1
95 61 6
69 73 5
68 25 2
41 22 8
21 29 5
79 38 2
27 65 9
11 24 3
33 24 4
83 58 4
78 42 9
55 50 5
29 75 2
23 22 8
81 33 9
22 60 9
51 50 8
21 58 8
14 70 8
36 54 1
74 20 9
64 38 8
65 31 6
33 67 2
43 67 4
55 72 5
38 36 5
50 65 9
22 76 2
98 61 1
21 44 1
65 78 3
20 80 7
77 26 8
35 77 2
67 54 5
25 48 9
98 61 5
61 67 5
12 37 8
80 45 4
86 72 6
85 77 6
79 67 5
59 58 5
67 74 5
25 20 3
87 37 6
58 24 7
29 63 3
61 34 3
34 46 9
18 58 5
90 32 3
52 50 7
23 48 6
42 47 3
58 60 7
48 36 5
31 22 8
35 77 1
70 45 8
36 20 8
34 51 6
17 32 6
29 69 5
32 64 3
19 51 3
47 23 6
50 29 9
26 40 8
99 73 6
15 29 3
54 25 9
42 79 9
75 55 3
22 74 6
71 21 1
63 35 9
24 75 2
89 65 9
14 32 5
56 37 1
65 54 3
86 78 5
89 33 4
14 22 2
45 80 8
81 37 7
56 77 6
32 21 2
98 40 7
21 46 7
75 49 6
14 73 3
40 59 2
99 45 5
59 24 4
22 65 8
16 79 4
69 24 4
66 20 7
65 32 2
74 75 2
30 58 8
19 56 7
93 46 2
65 35 8
93 29 5
28 44 8
73 39 4
97 39 4
51 31 5
47 60 7
62 64 5
78 38 4
60 72 6
27 26 7
57 79 4
43 25 3
79 71 2
57 58 7
82 38 5
79 41 1
37 55 5
91 39 9
33 56 7
76 56 7
90 23 5
72 76 8
69 67 1
16 62 2
17 42 2
68 45 9
67 74 3
55 78 3
89 55 3
62 38 6
15 53 9
42 76 3
74 22 3
27 26 5
65 44 3
68 28 5
17 36 6
49 45 6
86 58 3
93 44 4
88 71 8
55 76 2
17 74 5
38 46 7
78 40 2
87 66 9
41 21 6
44 44 3
51 27 9
84 40 1
48 67 3
94 66 6
21 60 4
60 76 9
60 65 8
49 40 1
51 48 4
90 42 8
23 55 5
87 46 5
56 46 1
88 79 9
11 69 4
31 54 6
55 49 5
30 75 8
22 80 1
49 74 3
56 58 2
50 74 7
46 80 5
91 37 5
62 46 1
92 52 5
85 28 7
39 54 2
38 71 9
69 44 9
57 67 7
97 69 7
48 69 2
78 31 3
69 60 4
11 59 8
59 74 7
52 30 9
50 65 1
83 24 5
88 69 6
37 21 3
61 69 8
54 61 1
44 73 6
84 47 5
21 77 5
29 26 6
23 60 6
45 78 8
99 27 6
29 28 9
77 72 6
16 25 5
41 74 1
57 51 9
36 49 7
42 64 2
46 73 2
11 39 1
17 70 8
35 65 4
38 74 9
100 62 5
41 71 1
76 28 8
97 27 5
24 23 6
70 30 5
74 23 1
88 41 7
54 56 6
94 31 4
100 76 3
26 37 1
93 67 5
100 62 1
92 79 1
83 38 7
40 20 3
70 40 6
72 62 7
61 59 8
31 72 4
98 33 6
54 32 7
98 68 7
90 55 2
38 67 8
24 33 1
86 29 4
88 33 4
31 35 5
51 40 4

500
9
1007
53 59 42 57 46 48 74 59 62
97 41 9
97 21 7
15 20 1
81 41 3
76 64 5
62 52 9
83 37 7
56 46 8
70 63 5
79 80 8
21 35 9
95 75 9
33 79 8
38 69 7
40 72 3
18 70 9
67 63 2
93 66 5
77 24 2
87 60 4
92 58 7
33 42 5
35 47 7
73 30 9
66 44 5
26 35 6
87 42 9
54 44 9
62 21 7
94 22 1
25 33 3
31 78 6
69 40 5
93 72 3
99 70 2
69 29 4
42 69 9
69 58 4
21 77 8
95 68 3
41 71 5
76 20 4
39 73 5
84 40 4
83 56 1
69 43 2
43 57 1
44 33 3
70 66 8
81 58 9
57 69 6
100 23 5
67 32 5
17 50 2
27 36 2
11 54 9
100 69 7
55 59 6
97 55 1
67 21 9
59 55 3
38 59 6
84 36 4
78 68 5
90 29 1
90 61 3
66 71 7
17 54 1
33 49 9
94 26 1
97 75 7
38 55 8
95 46 6
65 43 5
84 74 5
41 71 1
87 42 1
91 41 2
36 53 8
10 60 8
89 66 2
16 26 2
89 72 8
79 20 7
15 65 8
43 78 5
12 74 3
73 22 1
54 60 7
91 45 8
20 53 3
79 21 9
99 45 2
32 47 6
39 35 8
94 23 4
61 49 1
90 65 1
58 58 4
59 20 7
37 48 4
38 20 9
58 61 9
13 42 3
99 52 2
32 71 5
21 54 7
40 43 3
39 23 9
60 22 1
94 79 3
80 32 1
54 20 8
30 20 3
65 76 8
91 71 9
61 41 1
30 23 6
47 71 9
74 54 8
33 46 5
37 44 1
70 30 7
54 49 7
76 31 7
68 33 4
80 24 7
98 79 8
87 62 1
66 34 7
81 57 5
20 37 1
90 69 7
36 45 6
75 63 2
49 44 9
41 80 4
28 43 5
86 31 8
58 67 3
61 27 5
97 20 3
93 79 7
11 59 2
23 37 9
28 65 2
30 22 8
61 62 3
77 71 2
33 78 3
64 58 9
43 30 7
80 66 5
20 66 7
11 32 4
80 35 4
91 38 6
32 54 8
69 52 8
20 56 5
75 37 8
40 71 9
56 27 7
34 52 1
84 27 4
87 58 2
40 55 8
19 34 5
64 25 3
59 35 3
85 68 2
14 28 2
67 36 2
99 45 6
14 36 2
72 22 1
45 73 1
97 41 3
12 71 8
73 27 2
84 47 8
22 55 9
79 54 7
57 32 7
67 42 9
80 79 1
42 72 4
88 70 9
44 65 3
14 76 2
33 54 3
81 28 9
29 70 4
52 69 4
92 43 1
79 55 2
86 44 4
79 71 6
91 58 7
30 64 7
79 26 1
60 45 1
17 70 7
30 75 9
44 38 6
86 76 9
45 40 4
51 73 6
82 55 4
29 59 7
41 51 2
69 60 8
75 29 5
82 21 1
81 30 7
29 45 7
93 20 6
81 61 8
30 76 4
56 45 1
38 51 9
15 25 4
61 45 6
96 34 4
83 52 5
77 51 4
49 68 7
76 36 2
46 66 8
19 29 6
31 61 2
81 54 9
24 65 4
51 80 7
65 28 2
58 71 1
83 75 3
78 50 7
16 56 1
83 35 4
49 22 6
74 35 2
52 31 5
100 66 8
22 30 7
77 58 4
34 71 6
62 24 4
41 41 9
84 53 9
14 38 4
29 79 4
34 68 2
54 20 4
50 23 3
46 53 5
37 24 2
42 52 4
94 34 7
11 57 7
28 77 6
44 37 6
31 57 9
13 21 5
10 60 8
69 79 5
95 49 7
70 60 8
76 42 6
23 27 4
26 26 4
82 41 2
14 22 2
23 68 5
17 23 7
87 54 8
90 33 6
18 75 8
23 60 7
27 33 8
43 63 8
10 61 5
13 65 1
38 76 4
87 36 8
65 61 2
24 43 9
20 76 6
75 38 4
22 55 2
49 51 6
65 44 9
70 56 9
13 45 8
31 62 9
57 28 3
33 80 7
81 46 2
73 56 4
60 76 6
61 28 8
72 46 8
11 33 1
83 58 8
96 25 8
94 35 2
63 62 7
82 21 4
17 44 2
72 68 8
69 47 9
31 69 4
83 76 1
20 38 1
98 51 9
90 52 3
54 39 3
18 60 5
58 27 1
82 51 9
49 64 2
72 45 5
31 42 7
48 32 8
29 35 5
56 42 3
20 29 4
71 46 2
44 60 7
17 79 7
79 40 5
34 48 7
45 59 9
90 73 8
63 43 8
20 31 3
14 44 8
48 64 5
72 68 7
70 74 7
83 46 5
99 24 1
41 58 7
53 65 8
77 63 2
66 37 9
100 36 6
48 77 1
77 72 2
85 48 2
32 54 9
33 29 6
69 40 5
50 55 6
21 26 7
75 49 9
27 73 6
95 20 7
14 61 1
21 20 7
100 33 8
75 38 2
94 20 6
22 54 4
77 27 7
98 66 2
61 62 4
67 75 2
100 30 2
19 20 2
14 46 4
90 49 9
100 36 4
54 31 9
86 56 2
48 51 4
88 36 9
11 43 7
44 65 3
60 36 7
93 72 9
30 30 8
11 73 3
59 31 8
22 74 8
40 36 6
34 61 6
91 67 4
68 20 6
72 65 6
80 27 7
56 80 4
96 32 1
36 33 3
62 38 4
87 57 7
10 38 6
21 40 7
97 52 7
32 53 7
22 38 1
41 80 7
76 60 5
10 20 6
70 78 7
24 63 3
81 52 8
86 29 2
63 25 1
86 41 1
19 79 4
75 76 9
42 30 8
51 20 6
94 47 6
29 23 6
33 80 7
95 22 4
40 73 6
80 79 8
65 61 7
79 27 9
52 65 8
64 61 7
44 75 1
20 75 2
12 53 5
54 23 4
71 53 4
89 72 1
58 51 3
28 53 9
42 39 7
60 60 7
58 21 9
90 42 9
70 59 2
33 56 1
43 23 4
86 28 6
74 30 6
43 75 8
55 50 2
97 77 9
29 53 8
10 63 7
68 31 9
60 66 7
77 33 5
31 29 9
86 26 4
70 76 4
17 74 3
83 55 5
38 74 5
11 50 3
15 77 6
73 25 1
20 53 9
71 80 2
84 25 1
73 48 5
55 20 7
12 60 1
10 31 2
47 52 8
35 58 1
31 80 7
87 62 1
41 33 2
57 80 9
86 75 5
44 42 1
63 32 1
66 34 2
48 74 7
100 47 5
36 32 9
44 47 5
21 41 3
26 45 4
73 67 7
91 44 3
45 24 6
73 80 2
48 80 8
80 80 8
50 21 9
27 48 7
65 69 3
71 51 6
38 54 9
27 24 4
97 77 2
75 31 3
10 43 6
76 39 1
94 46 2
76 80 6
61 40 3

500
6
1325
84 78 76 94 87 81
61 41 6
78 34 5
99 24 2
96 23 2
23 35 2
38 62 2
69 33 3
15 42 4
82 57 4
33 20 4
56 30 2
54 21 1
15 50 1
16 44 2
24 76 4
16 63 5
80 25 2
92 23 2
92 38 2
45 61 2
87 23 6
59 24 1
32 43 6
97 69 5
28 62 4
53 65 4
30 46 1
81 55 2
74 63 1
89 26 4
19 69 5
51 23 3
61 71 4
89 71 4
19 60 4
64 21 4
13 47 4
20 21 1
85 22 1
12 68 4
49 20 4
23 31 2
22 31 6
99 62 2
14 74 1
25 76 5
14 40 4
82 52 3
17 63 5
63 67 1
37 62 6
85 32 1
69 55 4
71 37 4
20 66 3
41 52 6
40 48 6
16 72 1
23 45 3
68 74 2
75 37 1
14 58 1
28 26 5
47 20 1
66 66 1
73 25 5
78 24 5
45 35 4
83 21 4
73 44 1
47 78 2
76 54 4
23 77 6
49 26 2
37 49 2
82 76 4
57 28 5
47 63 5
63 31 4
52 49 6
51 31 4
76 76 4
69 21 2
66 21 2
46 58 5
41 52 2
38 56 3
81 31 3
55 39 2
70 73 3
16 46 1
43 60 1
39 62 4
92 21 5
66 52 3
67 23 3
21 33 5
66 31 1
95 76 2
98 79 1
14 20 5
45 32 3
64 38 5
39 61 5
97 46 5
48 76 3
65 56 3
15 34 6
67 56 6
88 35 6
28 53 1
61 29 2
13 65 4
66 50 3
19 47 1
41 30 5
20 74 4
87 70 1
25 26 1
29 58 6
90 44 4
70 56 5
47 72 2
28 79 4
24 43 6
90 65 2
30 62 3
25 70 2
54 70 3
67 69 4
71 31 5
20 71 5
37 59 6
18 44 6
30 66 5
48 67 2
79 74 4
13 66 5
16 45 1
100 72 4
87 65 6
11 56 6
16 64 1
26 77 1
88 28 5
86 25 2
96 65 2
38 50 4
34 22 2
76 55 6
24 33 3
27 52 3
80 66 6
59 37 5
64 67 5
45 52 6
94 71 4
72 39 1
56 48 5
96 58 3
80 22 5
97 21 3
12 71 4
41 74 1
63 45 2
59 55 6
37 73 5
21 65 5
74 72 4
60 61 5
90 76 5
77 54 4
61 76 2
59 68 3
94 45 6
68 62 5
56 24 1
35 40 1
76 24 2
12 45 1
33 54 1
80 45 3
34 38 1
70 30 2
71 62 5
58 52 5
62 44 3
70 73 3
53 21 6
32 61 4
76 26 3
44 52 4
75 71 2
97 33 5
83 57 6
81 69 2
67 53 1
99 55 6
18 51 1
64 53 4
97 32 2
87 43 6
66 71 3
36 47 5
45 57 6
84 71 3
61 39 3
33 38 1
82 28 2
56 76 2
57 79 4
67 46 1
24 79 5
59 25 2
34 70 1
46 75 6
81 38 6
85 60 2
21 53 6
77 71 1
51 60 5
87 43 6
46 27 6
90 68 4
51 29 5
70 69 1
96 27 3
47 58 6
53 38 1
95 78 4
36 28 1
72 56 1
86 69 3
45 64 4
83 26 6
41 56 3
71 72 1
76 39 5
28 53 5
89 43 4
47 27 1
96 25 2
66 50 2
44 74 6
80 66 6
11 39 4
73 61 3
33 25 3
70 58 3
58 64 1
85 66 2
71 25 2
59 49 5
50 55 4
27 24 6
46 29 5
57 65 4
63 63 5
35 62 3
75 69 1
75 52 6
43 55 4
52 31 1
18 75 4
64 68 4
19 72 6
20 34 5
32 68 6
98 40 3
55 58 4
31 27 2
100 74 6
88 71 4
25 61 1
63 42 5
22 63 4
82 34 4
38 52 6
69 63 5
78 58 2
66 31 4
19 57 2
39 31 4
47 80 6
14 42 5
51 59 1
19 43 1
82 52 1
14 39 2
81 20 3
47 38 4
98 52 4
46 46 3
44 47 4
85 23 3
66 27 5
87 71 3
93 60 3
23 45 1
61 35 6
71 32 4
51 61 1
52 57 3
40 23 1
73 51 2
25 43 4
73 39 2
16 75 5
69 49 1
10 60 6
88 22 5
47 63 5
51 22 2
90 44 1
94 51 6
64 34 4
82 36 1
42 74 6
72 51 5
57 59 4
84 21 1
26 59 5
21 70 4
70 21 2
98 64 3
89 73 6
34 72 1
69 38 2
24 40 4
67 80 5
60 41 6
17 38 5
13 71 5
39 42 2
56 53 5
47 40 1
72 78 1
94 62 4
20 58 3
33 31 3
25 45 6
66 70 6
27 76 3
44 68 3
22 37 6
53 67 2
71 76 5
100 75 6
59 37 4
52 37 1
45 55 5
25 21 1
22 72 4
25 28 5
41 27 6
19 56 1
40 33 2
51 60 3
22 74 4
92 20 3
91 51 3
78 53 4
52 43 6
72 35 5
16 39 4
11 50 3
55 35 4
14 27 4
91 53 3
60 60 2
94 39 4
92 43 2
90 21 1
13 45 5
73 39 1
84 24 1
11 21 1
34 49 3
25 36 3
26 48 5
28 43 2
52 54 2
73 70 5
78 32 6
100 73 3
100 62 2
29 49 5
62 75 1
90 41 5
43 76 4
67 31 5
75 21 6
66 78 2
38 27 1
57 63 2
15 67 2
55 75 2
58 47 4
73 45 3
64 73 1
42 61 4
20 61 1
19 55 4
68 42 1
91 67 4
80 51 6
72 40 2
24 65 3
17 43 3
87 80 5
89 71 5
25 58 6
48 65 4
13 47 3
80 33 4
43 67 4
30 41 4
52 25 3
42 74 6
39 55 3
28 35 2
50 35 6
44 27 4
43 57 3
24 51 6
89 30 3
20 66 5
83 40 1
11 26 6
25 28 6
47 56 5
82 54 6
68 38 4
96 40 6
52 26 2
12 54 4
49 24 5
31 46 1
20 70 4
41 79 5
87 29 3
27 80 5
73 38 3
100 60 3
12 74 3
57 35 1
80 24 2
90 42 5
55 63 6
24 32 6
26 28 6
13 32 3
10 21 6
65 76 5
59 62 5
67 71 5
85 33 2
96 73 3
43 31 6
50 20 3
18 28 2
91 69 2
100 22 5
62 51 2
69 42 3
20 68 3
19 79 2
55 71 4
93 23 3
16 47 4
32 78 6
84 63 2
14 62 5
43 73 1
88 75 4
80 74 1
32 49 1
45 72 1
79 77 5
81 25 6
11 38 3
57 31 1
51 79 6
92 57 6
48 64 6
60 76 6
54 24 5
12 67 1
69 35 3
69 56 6
44 38 5
89 30 5
59 55 6
66 42 3
35 35 4
68 30 4
71 24 6
89 31 2
29 77 2
82 47 4

