500
5
1069
91 106 82 107 114
35 78 5
48 23 2
45 55 5
31 46 1
29 33 2
45 30 1
34 20 4
42 45 5
80 62 5
21 31 4
28 54 1
62 79 4
97 49 5
91 68 5
52 59 4
45 57 5
63 50 5
46 42 4
95 29 2
10 23 1
99 77 3
29 22 2
74 53 1
96 37 2
10 32 3
84 48 4
58 78 5
48 48 2
68 34 1
74 60 3
91 33 1
47 30 4
76 50 3
84 75 5
28 79 5
58 46 3
63 37 4
54 52 2
56 65 1
28 79 4
85 57 3
93 31 1
80 45 1
73 23 4
17 35 5
99 24 4
34 46 1
94 59 4
98 73 4
61 37 2
29 25 5
17 58 5
63 30 5
37 24 2
10 71 5
11 46 3
39 46 1
62 28 3
22 28 3
90 61 2
82 80 1
84 23 4
29 39 5
30 66 5
83 44 2
94 37 3
18 51 5
67 64 3
76 72 2
22 72 3
99 22 2
54 27 3
10 30 1
99 76 3
33 45 4
23 55 4
97 26 5
66 39 3
18 71 3
22 57 4
22 24 5
88 25 4
79 54 1
36 30 5
49 46 2
82 23 5
19 42 4
34 51 2
66 39 5
21 58 3
71 24 2
32 46 3
33 42 2
71 28 3
66 49 1
14 57 5
73 30 2
21 36 2
27 48 2
75 80 4
84 32 3
51 44 4
60 47 5
23 48 5
97 48 2
81 34 4
71 34 1
66 72 3
62 75 4
13 38 1
80 27 4
34 40 3
32 25 2
92 35 2
93 70 2
68 63 5
55 75 2
52 58 4
40 68 3
77 46 2
86 51 3
20 74 3
27 65 1
32 72 5
59 49 2
21 20 3
90 36 3
44 51 5
11 46 4
25 55 5
58 79 4
60 35 3
52 60 5
60 67 5
63 28 1
38 59 2
21 43 2
88 77 2
97 32 2
87 56 4
21 75 4
81 34 4
44 54 4
32 26 1
28 66 1
32 77 5
36 20 4
34 63 1
69 43 4
47 29 4
74 35 1
61 74 5
86 30 2
79 37 4
28 33 4
25 40 3
83 51 2
32 76 2
74 27 2
61 68 2
93 30 3
23 22 3
20 61 2
46 52 4
59 56 1
58 56 1
55 70 1
55 73 1
59 32 3
59 65 1
82 41 5
28 27 5
36 35 4
22 80 5
79 31 4
47 72 2
56 63 5
45 45 3
63 34 5
78 53 5
62 55 4
87 68 5
53 64 4
37 61 2
57 59 1
40 58 1
66 54 4
76 61 1
67 55 3
26 21 1
25 53 1
65 74 2
72 40 2
80 68 4
18 57 4
24 44 5
31 23 4
48 29 5
36 36 2
76 74 1
84 46 5
52 80 1
79 52 1
64 64 2
72 42 1
57 32 3
30 28 4
71 36 4
98 25 5
45 63 3
90 67 2
12 38 3
100 30 1
21 77 2
91 46 4
83 26 5
18 34 1
70 34 4
66 62 2
28 31 1
41 34 1
15 75 2
66 47 5
70 75 5
95 28 5
17 77 5
46 25 3
35 41 4
58 50 2
92 70 4
79 35 3
65 35 5
98 60 1
14 74 4
40 47 1
25 77 5
52 78 5
65 41 1
73 71 4
87 60 2
40 24 3
18 22 4
65 21 3
42 56 3
49 63 2
70 33 1
79 31 1
30 59 5
61 66 2
67 26 4
65 58 5
20 66 2
24 44 3
97 77 2
46 59 2
28 51 5
71 57 3
43 43 4
89 43 2
48 63 4
34 30 5
64 68 4
58 49 3
100 50 4
62 27 4
18 33 2
80 58 4
81 80 4
50 53 5
34 79 5
59 64 5
33 27 2
74 76 2
53 75 1
86 50 3
49 65 2
14 56 3
52 63 2
39 23 5
14 70 4
56 51 4
53 21 1
69 79 4
77 27 2
16 46 1
31 52 1
67 64 4
23 80 1
32 37 2
12 21 4
40 65 1
20 72 2
47 22 1
21 80 2
29 26 5
16 32 4
97 60 2
17 73 3
80 79 3
13 57 1
99 59 2
37 46 4
75 35 2
31 80 5
30 72 1
62 50 3
78 47 5
72 53 2
60 39 2
48 44 1
52 68 5
88 20 2
79 65 4
63 47 5
48 61 5
50 25 5
57 23 5
75 33 2
14 23 1
99 49 4
69 56 4
61 69 4
33 35 3
93 67 1
35 56 5
82 71 1
30 30 5
30 35 5
30 54 5
67 61 1
38 22 5
44 57 1
80 25 3
16 56 3
45 66 2
19 42 5
82 68 2
19 76 5
88 78 1
39 38 1
47 46 3
96 22 5
80 31 2
27 65 3
30 51 1
91 20 4
84 50 1
30 25 5
59 41 1
56 39 4
50 76 4
37 46 5
91 49 2
11 56 5
73 26 5
61 57 5
81 72 4
70 23 1
62 58 4
51 77 5
78 59 5
42 59 5
18 70 2
24 66 5
46 32 4
55 54 4
99 21 5
81 35 3
91 59 5
52 62 1
56 60 2
95 49 1
52 77 3
95 78 2
51 48 4
70 39 4
14 39 1
38 80 2
43 76 5
46 54 2
25 74 1
10 40 1
57 49 2
23 53 3
50 45 5
31 27 3
24 56 2
63 20 4
11 28 5
89 54 1
22 20 3
45 57 4
22 35 5
75 52 3
37 68 4
23 62 2
15 60 1
32 53 3
79 34 4
52 73 5
25 21 3
65 71 5
58 74 3
27 32 5
40 70 2
65 22 5
98 42 3
40 47 1
39 24 2
42 57 2
33 26 2
96 46 5
56 75 2
27 41 5
67 76 3
69 65 4
97 64 5
72 54 2
91 70 5
65 24 4
60 74 1
43 37 1
91 26 5
68 60 4
100 64 5
84 69 2
60 59 5
29 74 2
64 40 1
95 72 3
10 37 2
75 65 4
47 42 4
12 71 2
71 64 2
69 46 2
64 77 3
15 69 1
17 21 2
16 76 4
42 73 4
76 21 3
77 51 3
98 66 5
66 32 2
12 26 5
39 47 1
73 69 3
62 37 1
35 46 3
17 72 1
73 47 4
70 56 5
24 62 3
99 30 5
44 54 2
21 65 4
46 20 4
26 50 5
34 46 4
67 31 4
79 75 3
96 23 2
70 20 2
63 69 2
22 68 3
80 51 2
66 79 4
52 60 4
89 47 1
37 74 3
55 29 3
31 77 3
65 29 2
26 74 2
36 64 1
17 35 1
86 46 4
92 54 1
63 25 4
53 80 2
21 77 5
87 72 5
63 67 1
65 28 3
27 31 2
11 38 1
42 46 4
60 61 4
46 40 3
17 33 4
62 28 3
29 44 4
17 46 3
52 77 1
38 29 5
28 25 4
79 25 5
48 21 5
42 61 1

500
10
1479
50 52 62 42 41 60 49 50 48 46
83 64 7
21 41 2
84 38 10
56 56 10
41 46 8
28 25 9
55 55 2
24 77 1
37 32 10
66 24 9
83 39 3
70 36 6
91 73 10
84 28 5
22 65 10
41 31 8
16 22 3
21 32 4
35 78 10
82 64 1
76 66 3
100 52 1
13 77 4
75 48 5
77 21 1
40 28 5
74 65 2
90 77 5
34 38 3
53 34 6
83 68 9
41 66 3
79 64 2
100 40 2
70 59 2
78 66 4
61 66 2
75 67 1
10 51 9
36 42 7
79 65 10
16 30 5
21 47 3
90 79 4
63 49 8
41 48 2
88 53 4
33 50 6
86 46 9
71 20 9
90 44 1
85 66 3
18 69 1
10 48 2
44 35 3
98 31 1
39 69 6
61 44 9
72 62 7
83 61 2
43 61 5
70 46 6
66 69 7
41 56 9
51 53 4
87 67 9
35 37 4
39 40 4
99 32 8
94 33 7
47 31 6
16 28 4
16 45 9
78 28 3
100 59 7
59 50 9
31 33 6
60 25 6
98 79 4
15 46 6
18 37 9
55 27 5
70 68 4
63 80 9
12 74 2
80 71 4
71 58 2
69 25 8
61 53 3
20 44 1
95 40 4
74 64 1
50 20 2
72 70 7
67 60 6
84 34 8
13 77 8
75 51 6
85 50 7
63 26 3
53 50 6
34 60 2
30 27 10
52 28 3
29 68 3
12 69 8
97 62 4
33 77 4
69 63 8
100 57 10
42 80 6
30 56 7
50 49 4
75 45 7
75 69 10
51 34 6
39 34 2
48 78 9
33 27 6
54 76 5
72 39 3
28 22 9
42 34 8
56 58 2
87 64 2
54 41 5
37 76 10
62 50 1
92 74 8
65 56 8
55 37 9
61 21 5
63 58 4
24 71 6
67 55 6
14 78 5
76 41 7
17 36 9
93 26 5
48 68 3
69 49 6
39 37 9
94 33 3
14 41 10
40 65 7
56 78 6
17 21 9
91 24 1
87 25 5
77 24 1
58 36 5
75 26 3
83 51 2
76 53 1
69 78 1
82 70 7
64 67 10
39 31 7
93 67 1
69 27 8
20 46 1
71 61 10
76 51 6
19 41 8
100 22 9
35 35 7
32 37 7
93 53 10
85 74 5
76 50 9
52 60 2
67 63 10
63 37 1
30 61 3
98 25 5
41 75 10
44 30 3
33 26 8
94 48 10
12 22 8
93 55 8
28 74 7
93 60 3
68 78 6
96 74 4
71 67 9
85 60 10
18 64 6
51 80 1
24 28 3
77 69 6
21 65 3
89 36 6
18 75 6
42 78 7
65 30 2
66 38 10
25 31 7
24 80 1
20 57 9
72 62 3
58 36 10
99 54 3
88 79 10
80 54 1
96 26 8
47 60 8
13 80 6
100 29 10
81 68 9
86 20 3
69 26 1
86 40 3
84 71 6
97 58 5
65 36 7
23 38 9
92 23 1
25 77 8
56 29 2
66 46 3
21 49 5
78 52 5
37 63 6
98 35 10
80 28 4
39 36 4
12 44 6
32 34 9
25 60 6
98 64 4
54 68 5
29 59 1
88 66 8
23 55 8
52 72 8
54 64 8
75 71 5
54 78 6
86 67 7
33 55 10
89 61 9
77 61 3
21 72 1
76 37 3
65 26 7
73 53 10
46 60 8
74 50 7
43 41 9
55 64 5
25 42 7
39 78 2
77 25 8
13 35 7
33 21 6
98 79 10
16 37 6
25 73 8
99 70 6
82 66 6
38 46 10
30 40 9
89 63 7
93 55 8
33 26 5
73 20 7
84 36 1
38 68 6
85 29 7
97 60 7
40 75 1
73 49 7
91 25 9
22 29 2
67 72 7
67 75 6
98 64 7
42 20 9
43 64 1
94 37 9
45 48 2
51 61 6
93 70 3
64 71 8
53 56 5
64 54 2
38 60 3
81 41 6
31 46 4
33 75 4
42 29 8
83 24 6
74 40 1
97 26 8
93 62 5
24 71 5
57 68 2
35 74 3
23 23 6
58 65 7
56 47 10
79 20 7
53 67 4
19 50 1
98 32 4
39 22 7
99 37 5
10 26 4
84 42 9
73 69 7
40 37 3
33 51 3
46 54 6
27 26 6
24 24 9
32 48 9
24 22 1
87 39 10
26 22 10
42 77 5
25 54 2
89 27 9
45 34 2
39 22 6
86 54 3
98 24 4
25 43 2
73 41 1
62 25 3
74 67 4
97 62 4
98 20 4
20 51 3
98 68 2
26 31 2
63 57 7
58 47 4
23 79 3
39 58 7
92 39 8
55 64 1
17 46 4
25 59 2
34 56 10
35 23 1
33 65 4
11 62 2
33 24 3
74 47 3
84 64 6
81 33 7
99 79 8
56 25 6
95 29 9
36 52 7
82 24 1
20 63 8
73 29 10
14 79 2
26 24 8
78 33 6
20 73 10
85 45 3
30 58 3
39 60 5
86 53 8
49 62 9
40 39 1
31 43 6
95 79 5
82 75 1
44 63 9
12 51 4
59 29 2
15 72 5
33 46 2
24 69 7
16 36 8
61 36 6
58 33 5
97 45 2
92 58 7
84 30 8
79 30 2
85 29 1
53 72 2
85 65 2
51 76 7
46 51 2
91 28 4
70 26 10
69 30 7
42 66 6
48 46 9
59 54 2
34 50 8
95 53 8
24 23 1
51 79 1
61 60 8
38 20 6
40 25 10
27 32 2
22 20 3
27 56 7
25 31 7
100 47 9
32 64 8
37 20 8
69 59 1
31 48 2
71 55 3
50 74 5
49 41 10
38 54 6
95 34 10
53 65 3
51 52 7
97 72 6
83 44 2
53 36 2
44 28 10
34 46 9
83 63 2
47 60 10
50 56 8
37 24 10
74 41 5
89 26 8
57 42 3
50 27 8
84 63 3
99 21 3
21 40 5
43 70 6
24 53 3
100 54 3
76 68 4
32 50 9
35 34 10
69 38 3
95 64 7
48 53 1
21 35 3
73 26 5
60 42 4
97 58 8
47 48 2
86 37 2
77 47 1
62 46 1
72 23 10
23 79 6
61 78 3
93 69 5
14 71 8
63 56 3
62 21 1
16 77 1
97 80 9
100 38 3
43 78 3
21 29 4
38 56 3
96 60 6
48 38 10
71 30 5
87 76 2
36 20 6
97 24 4
10 65 10
61 35 3
35 71 3
83 38 8
38 36 7
15 77 5
11 24 2
59 56 9
66 40 1
100 62 8
49 40 4
74 70 1
69 46 3
70 47 3
48 23 5
36 54 6
29 22 9
37 41 6
16 36 10
81 75 9
54 46 2
82 62 4
87 72 3
59 20 1
75 66 5
88 43 6
32 65 9
31 57 1
81 76 4

500
7
1232
71 77 88 67 68 62 67
79 52 3
42 43 6
100 37 1
12 23 4
53 47 4
38 34 3
55 69 5
70 38 6
49 44 6
53 56 4
100 67 3
70 43 1
76 25 2
91 60 2
32 69 5
19 47 7
54 57 3
55 69 3
21 37 3
22 31 6
77 37 5
50 44 1
84 34 6
28 71 3
51 70 5
47 65 4
15 38 4
95 45 7
76 23 2
56 31 3
54 34 1
48 55 4
14 20 7
85 26 6
42 35 7
84 54 1
60 64 3
13 70 3
56 38 6
11 49 2
18 68 4
33 55 2
40 20 2
41 37 1
16 79 6
54 24 2
79 52 6
18 70 2
42 35 5
30 59 6
18 41 3
40 64 2
71 53 5
49 49 5
26 49 3
44 52 4
26 23 1
85 71 1
42 79 7
77 59 7
32 66 7
98 20 3
50 32 1
100 39 1
85 62 1
72 52 7
65 74 4
94 23 4
10 21 3
36 25 5
25 71 3
26 59 3
92 79 6
58 33 6
46 33 4
32 58 4
14 75 3
55 37 3
84 57 7
56 48 6
28 25 1
29 24 6
90 22 2
47 75 5
46 72 2
57 71 4
82 80 5
88 47 5
18 48 1
48 22 6
34 77 1
51 65 1
59 76 4
85 72 6
36 29 6
59 72 1
11 61 1
91 24 5
94 28 3
13 35 2
43 51 1
79 24 7
28 22 4
54 75 6
38 79 5
48 56 1
86 65 4
16 56 4
34 61 1
49 45 3
51 44 4
86 26 1
36 51 1
44 22 5
47 35 2
99 80 1
38 26 7
78 54 1
15 31 6
23 22 7
26 27 2
69 56 4
81 36 2
89 76 2
72 72 2
61 42 1
100 55 7
47 73 5
10 54 4
59 46 2
83 64 5
12 71 4
21 75 5
57 58 7
19 51 3
18 22 4
60 26 4
97 62 1
48 57 4
100 74 2
10 76 1
72 70 5
12 78 4
11 23 6
36 59 5
78 54 4
40 69 1
44 45 3
12 61 2
69 57 3
31 41 1
66 59 6
55 24 5
99 76 2
93 54 3
61 47 6
51 48 3
47 20 5
70 32 3
45 21 6
46 20 2
69 31 1
86 51 3
42 56 1
74 27 7
51 49 3
74 32 5
68 63 3
12 38 2
71 24 4
46 58 1
15 61 3
70 70 3
82 61 2
70 38 4
98 76 6
44 48 2
74 33 6
80 47 6
42 31 5
60 64 3
33 80 3
99 41 2
83 75 2
59 42 3
30 64 5
42 45 4
97 47 7
41 72 4
38 55 3
91 29 4
73 25 4
14 68 4
84 58 3
51 51 6
83 61 7
92 73 6
42 26 4
31 74 2
20 44 2
68 22 3
18 62 6
91 37 1
42 78 3
94 20 1
40 22 4
40 79 3
41 76 5
19 41 1
55 34 5
68 43 3
99 58 5
38 41 7
51 56 7
91 60 3
65 21 5
90 36 2
46 70 1
81 45 7
17 29 3
85 42 2
94 24 6
26 75 2
43 20 6
74 62 5
48 40 7
37 28 6
66 56 3
38 22 7
100 34 1
99 72 1
11 44 1
56 36 2
20 68 2
60 60 6
18 54 1
87 59 2
45 22 1
56 63 6
79 39 4
51 67 5
100 76 5
29 36 3
36 37 4
42 45 4
58 54 6
75 26 5
82 57 5
46 21 4
96 65 5
18 21 6
37 20 3
93 43 7
68 75 5
45 57 1
64 77 6
39 51 2
74 80 2
75 56 4
23 60 3
21 24 7
52 79 7
19 76 7
87 53 2
46 75 3
34 78 1
86 40 7
85 36 3
59 66 2
85 33 3
33 76 1
14 49 6
91 75 2
92 41 1
98 74 5
70 43 2
32 33 5
91 45 1
82 69 5
100 56 7
20 35 4
12 74 7
44 47 5
54 47 4
60 76 1
73 43 4
75 46 5
79 68 4
84 49 3
62 36 6
59 27 2
91 80 5
64 59 4
40 53 1
52 49 7
54 44 7
52 65 7
46 72 5
74 40 5
89 48 6
61 47 5
34 55 5
76 46 2
56 76 2
88 43 3
73 79 3
43 26 6
95 79 3
68 63 1
26 41 2
81 62 7
81 50 6
96 25 2
90 46 1
71 62 1
38 41 7
69 80 7
26 34 5
24 47 1
61 46 5
31 35 4
68 39 7
59 21 4
66 59 7
92 33 4
38 36 5
26 63 5
47 32 5
28 62 1
41 78 4
36 40 7
58 68 2
26 29 2
15 75 5
33 22 3
27 75 2
58 31 1
74 44 4
44 41 3
39 48 5
34 43 3
37 78 1
60 34 7
73 39 7
59 42 6
73 61 1
85 75 5
36 48 7
16 40 4
23 61 7
90 31 7
89 76 3
83 58 6
12 63 7
67 67 2
11 79 5
75 31 6
29 26 6
51 46 3
69 77 6
26 32 6
11 42 7
64 31 6
98 58 2
100 40 5
65 47 3
29 71 5
45 41 2
55 34 2
45 20 6
88 75 3
28 20 7
73 66 4
74 42 4
82 63 1
89 44 2
70 21 4
21 61 7
88 31 3
39 66 4
85 78 7
30 80 7
92 73 5
51 37 5
13 68 2
96 80 4
71 73 6
58 20 3
37 48 5
49 45 5
92 49 3
30 56 4
63 45 4
31 67 6
85 73 5
17 58 1
72 74 7
96 48 6
11 71 1
24 30 7
26 31 5
66 23 6
44 55 6
70 45 2
81 55 2
56 51 7
81 70 7
14 30 2
92 60 4
17 41 2
67 43 3
18 28 3
92 20 1
20 64 4
97 35 2
100 60 3
99 52 1
12 70 1
37 76 1
11 22 5
46 73 6
55 36 7
46 74 2
69 29 4
59 50 3
58 66 7
62 72 2
31 52 2
49 71 1
34 48 3
29 65 3
89 53 1
90 28 4
44 51 3
99 48 5
80 29 5
82 20 5
94 39 2
18 38 1
43 28 3
65 77 2
35 52 7
94 58 3
19 26 2
35 62 3
75 45 6
66 80 3
80 35 2
76 27 2
62 74 2
43 72 2
24 27 7
83 57 3
73 38 3
82 30 7
12 57 6
37 55 5
33 27 1
36 40 1
31 45 3
73 80 7
16 57 3
49 70 7
51 44 2
55 38 6
98 64 7
51 45 3
85 73 2
28 42 3
76 56 3
46 72 2
27 25 6
100 53 3
53 58 3
42 57 2
61 23 2
88 33 3
17 78 3
79 37 2
15 51 1
63 60 6
15 75 5
43 68 3
21 34 7
39 72 4
92 23 4
50 42 1
60 25 7
93 66 4
69 64 4
18 37 4
32 70 7
25 68 3
73 42 6
26 79 1
21 56 7
48 20 7
70 49 2
55 60 7
95 77 3

500
10
1545
44 49 47 51 47 57 54 43 56 52
82 62 1
60 28 6
33 51 10
59 25 2
25 26 9
17 35 8
29 76 10
86 40 1
38 52 1
90 41 5
63 29 6
40 56 4
31 40 10
84 60 3
58 79 5
55 76 9
22 47 7
39 34 5
32 25 1
18 54 2
60 68 3
82 40 9
16 78 8
30 60 4
50 39 1
45 57 6
73 46 10
81 77 7
88 54 7
24 51 2
14 28 3
14 45 2
69 46 1
18 51 3
93 76 3
32 75 6
37 60 10
30 69 8
98 70 10
29 73 2
39 42 9
93 37 4
54 75 6
45 78 6
24 20 7
15 31 6
86 23 3
39 71 1
70 63 7
53 20 4
84 77 7
23 24 1
41 62 10
94 70 10
12 59 10
28 46 6
76 21 7
71 80 7
20 71 5
42 51 1
46 67 4
26 28 6
95 62 3
55 58 6
13 57 7
21 78 4
86 47 10
31 69 7
51 56 5
88 70 1
36 22 10
67 46 10
93 31 3
29 49 4
39 67 8
40 33 9
73 41 2
94 37 7
45 45 6
68 42 1
29 29 7
95 71 4
44 64 1
26 48 9
51 74 2
48 33 2
76 41 1
70 32 9
63 20 6
58 57 5
48 75 1
59 55 1
37 35 1
33 53 6
19 36 8
70 21 10
60 46 1
19 69 9
100 77 6
27 50 6
39 31 4
76 54 5
72 75 2
58 77 2
82 63 2
90 31 8
33 59 6
56 54 8
73 59 3
93 38 9
28 63 6
45 56 4
18 36 7
63 24 1
42 68 8
92 78 7
10 72 9
48 42 1
76 41 6
64 21 3
94 59 8
70 56 6
61 34 8
40 41 9
28 51 4
16 53 7
61 55 4
88 25 8
30 26 7
31 72 3
15 62 6
33 59 3
29 52 4
87 66 8
77 29 5
51 29 5
43 49 10
89 51 6
12 20 2
72 35 7
12 64 9
76 68 7
12 47 4
87 31 9
80 59 7
16 46 8
55 59 3
40 38 10
33 21 6
99 60 1
29 67 3
61 79 5
71 29 6
49 78 8
27 55 5
22 57 10
72 27 10
35 27 6
40 22 8
68 35 3
86 77 7
84 29 4
77 31 8
53 27 9
55 47 9
15 78 10
11 22 3
91 78 6
77 64 4
40 78 8
36 73 8
96 28 7
27 78 3
91 68 5
88 80 6
93 47 4
65 25 9
29 23 2
34 30 3
36 40 10
54 57 5
13 60 10
89 24 4
97 71 10
87 75 1
38 60 5
49 53 1
57 47 6
85 50 8
96 34 9
33 24 1
20 48 8
55 28 8
11 29 10
56 49 9
44 34 8
50 35 10
80 33 7
29 38 5
27 28 7
54 22 3
87 64 1
75 43 5
39 70 8
93 33 1
75 27 5
94 71 9
66 79 4
23 76 9
59 23 4
48 67 4
78 60 9
50 51 3
19 80 5
19 44 5
95 74 10
22 25 4
81 27 2
43 69 4
37 59 4
55 34 5
83 68 7
65 37 4
88 46 9
72 22 1
64 42 6
88 40 7
81 34 7
75 77 3
51 49 2
84 44 2
89 48 7
95 45 7
34 27 10
41 59 4
94 47 2
55 30 9
68 79 10
69 47 5
74 33 9
71 55 9
100 79 4
48 40 9
99 37 2
51 28 10
57 79 6
25 49 3
80 53 7
56 58 4
19 29 5
82 51 5
65 54 7
42 28 4
100 57 3
53 56 4
57 69 5
12 74 9
20 43 6
20 79 2
65 28 1
84 61 2
85 60 1
44 24 10
60 49 8
92 27 4
48 53 3
51 30 9
50 33 4
68 63 10
85 32 2
99 46 2
23 27 9
63 29 7
66 37 3
85 25 5
98 74 2
38 38 2
45 41 7
67 66 1
73 21 9
40 24 6
55 71 6
64 63 10
73 54 7
72 66 3
51 34 2
37 48 6
68 25 6
13 43 8
97 44 5
93 75 8
66 70 9
35 36 7
48 73 7
20 41 5
78 37 10
67 35 2
36 42 2
73 62 3
82 73 3
89 28 10
17 63 3
64 29 8
16 43 3
57 30 10
41 60 2
72 44 9
96 67 9
63 29 10
59 68 6
69 63 1
85 80 4
25 74 6
22 43 7
55 41 3
30 38 6
13 41 10
76 59 8
68 47 2
99 35 3
58 46 5
90 42 1
89 44 8
33 51 9
57 72 6
11 47 6
69 63 6
83 77 6
13 66 1
28 72 4
18 75 5
95 51 7
58 35 8
30 30 1
98 78 5
19 24 1
41 77 4
28 43 3
44 25 7
37 49 5
24 31 5
79 66 10
48 64 5
62 31 5
83 74 6
17 64 5
90 75 2
75 49 2
38 78 8
17 43 10
50 78 10
97 74 7
96 55 7
22 22 9
93 26 1
98 27 3
13 30 2
94 33 5
53 69 3
41 31 1
43 41 7
69 34 7
96 32 9
17 39 2
29 26 9
62 49 9
91 64 1
14 30 9
97 48 5
74 48 3
88 45 10
43 77 9
69 72 10
25 55 2
55 43 10
55 73 7
99 37 2
45 36 8
29 57 2
88 35 3
15 68 8
28 27 4
91 45 10
64 74 9
58 64 6
100 52 4
19 22 6
76 40 5
60 23 1
45 33 4
49 51 8
78 58 10
62 80 4
19 66 9
91 67 10
54 80 1
41 52 6
54 26 2
98 71 5
42 57 7
60 50 1
15 67 5
36 32 9
69 80 5
30 46 2
72 67 2
11 59 9
61 55 2
80 45 2
18 30 4
65 40 3
42 48 8
37 74 2
60 68 10
80 49 10
63 24 4
24 52 1
43 57 6
73 46 1
18 25 10
10 50 8
75 73 9
91 36 4
90 46 6
35 38 3
21 54 6
18 66 9
97 41 7
54 46 6
99 66 3
51 45 5
29 59 1
14 23 6
59 70 9
85 43 8
89 70 9
53 21 10
26 37 3
36 53 6
30 20 3
71 61 5
32 47 6
16 28 8
92 57 8
44 63 10
100 70 4
94 68 6
39 56 7
62 50 2
98 44 3
58 23 9
11 73 8
63 53 4
62 44 5
12 53 7
46 76 2
11 28 4
81 41 9
23 41 9
20 38 8
52 72 4
46 60 7
80 52 2
38 46 5
83 41 7
55 40 7
30 41 7
17 44 4
85 56 10
85 49 5
93 63 4
88 62 2
88 49 7
81 50 3
17 29 4
17 68 4
25 47 5
40 56 3
71 31 10
24 38 1
74 50 9
43 47 6
94 79 9
10 32 6
55 72 8
74 36 10
63 36 2
92 47 4
12 56 9
89 64 9
27 70 6
17 26 9
28 73 7
15 61 3
57 70 3
44 45 8
11 36 2
10 42 7
18 77 6
27 23 2

500
8
1131
77 56 50 77 68 55 63 54
50 47 2
67 29 5
71 69 1
37 65 2
32 24 1
10 48 8
89 25 5
15 23 2
44 27 6
21 76 4
93 56 3
66 45 4
55 27 7
83 52 6
96 49 4
40 29 4
89 54 8
74 42 4
16 56 3
46 66 4
66 74 5
29 22 4
67 63 7
29 71 4
75 36 2
52 54 6
36 76 2
98 27 5
98 56 6
49 46 7
31 30 5
94 75 2
55 54 3
20 60 2
35 35 1
42 41 5
99 66 1
16 76 4
85 80 3
76 57 2
19 25 8
94 56 7
74 26 6
98 68 3
48 33 7
39 27 2
18 61 4
85 80 1
73 28 1
83 23 1
45 32 4
85 41 4
89 35 2
64 20 6
31 26 2
28 51 3
25 32 1
17 77 2
50 22 2
59 38 1
41 52 5
44 56 1
28 60 1
99 26 1
89 76 5
70 21 2
21 77 4
54 60 7
89 50 8
98 38 5
39 28 7
23 74 1
79 35 4
21 41 8
62 53 8
37 33 4
37 68 1
47 50 4
62 67 1
82 73 5
17 51 5
49 30 7
86 41 7
29 23 7
99 64 3
62 60 4
78 59 4
29 36 3
94 47 5
97 68 1
93 31 8
98 23 5
74 31 2
43 78 5
92 70 7
37 22 1
90 44 8
13 76 2
65 39 4
97 48 3
21 51 5
52 35 4
16 68 1
42 77 6
77 79 4
94 59 1
69 50 5
16 74 7
47 26 4
57 32 4
44 43 5
85 55 6
74 78 7
82 34 1
84 77 4
47 67 5
17 68 4
54 66 7
16 20 8
33 71 5
18 72 7
16 21 1
10 61 8
24 32 4
93 54 8
66 61 4
60 66 7
92 77 4
79 35 8
87 28 5
59 35 3
90 21 3
55 26 5
21 48 4
77 48 8
21 63 1
23 58 7
25 27 2
62 55 6
40 31 7
75 68 7
50 71 6
28 65 1
94 26 2
82 72 3
30 63 1
35 56 1
61 42 5
13 68 5
79 74 1
79 51 7
90 80 5
20 29 6
30 35 3
40 46 1
70 35 1
61 61 1
89 76 2
92 30 6
74 32 7
69 31 3
18 54 8
82 37 6
84 60 4
82 50 8
89 69 7
57 65 2
27 61 5
85 74 6
54 27 3
71 30 8
49 64 1
63 40 1
31 27 5
42 69 2
25 73 8
61 24 5
18 33 6
98 47 4
64 56 3
97 72 3
64 53 4
29 56 8
38 51 8
45 43 6
61 45 3
35 38 8
77 34 3
30 30 4
60 75 2
12 43 4
32 49 6
75 31 1
61 73 2
89 45 1
91 42 4
100 34 1
47 50 1
37 33 2
97 28 8
50 55 8
83 64 2
17 46 2
31 38 4
61 66 8
51 24 6
83 56 8
13 25 2
91 65 7
15 36 1
95 26 5
61 40 1
15 42 3
99 46 3
20 61 2
42 39 3
11 56 2
64 34 3
79 59 8
88 57 7
16 52 2
53 26 6
87 41 5
54 58 3
55 23 2
66 58 3
73 60 6
64 48 8
44 20 1
98 68 7
48 46 8
36 71 6
95 20 6
35 38 7
16 43 8
35 76 1
52 53 5
22 65 4
71 38 7
24 46 6
70 40 6
63 45 1
87 37 6
26 59 6
61 37 8
85 68 2
13 21 8
51 44 7
56 25 1
51 52 8
63 50 6
80 55 5
82 31 7
45 34 5
63 22 4
82 73 4
47 78 1
24 52 5
61 78 6
27 54 2
18 46 7
78 69 8
21 41 4
65 62 4
65 58 5
95 51 8
14 60 4
46 42 7
86 64 1
88 72 3
44 38 4
33 29 1
25 52 7
36 54 5
16 32 5
20 37 3
97 40 7
98 34 4
94 55 4
97 33 8
87 72 3
44 66 1
26 25 6
22 51 7
48 44 7
65 63 5
83 33 6
91 32 8
12 39 1
85 42 7
32 62 7
73 75 8
87 80 3
49 37 7
43 73 6
66 43 5
27 23 4
76 77 5
63 49 2
49 75 1
60 47 1
13 52 7
51 27 7
76 35 6
27 37 1
28 77 3
13 37 3
85 68 4
45 73 2
11 46 1
74 53 3
73 79 8
94 35 1
87 59 2
43 56 4
74 66 5
56 56 8
54 20 1
80 42 4
90 50 6
49 23 7
78 36 6
14 80 1
81 36 6
81 35 8
35 21 5
86 71 1
49 43 3
92 20 8
36 79 7
33 77 7
28 32 7
34 40 5
15 26 5
10 23 5
61 25 4
49 32 7
45 28 7
23 80 7
29 70 4
39 24 5
47 47 4
15 29 2
31 80 3
56 48 8
53 21 7
97 74 3
82 51 6
84 56 1
39 58 7
56 78 3
55 49 4
42 51 6
52 44 8
23 60 2
35 76 2
61 50 4
46 58 5
93 59 5
62 51 1
20 50 1
57 41 5
49 38 3
73 37 1
70 44 7
19 41 4
43 36 7
88 27 4
87 62 6
19 21 4
39 77 2
87 71 8
99 73 6
50 51 2
38 30 6
30 38 1
36 50 1
59 51 5
12 30 7
11 72 8
99 51 5
24 59 2
50 54 2
53 21 6
14 55 4
85 64 5
55 44 6
33 74 4
64 44 4
76 71 8
33 65 2
36 52 2
27 57 7
50 51 4
10 63 6
59 43 1
94 53 6
86 61 5
32 60 6
88 31 5
53 20 6
14 58 8
61 67 2
86 78 4
56 52 1
90 27 1
68 58 4
56 35 8
41 55 1
78 76 4
47 69 8
58 49 4
65 76 7
33 50 2
67 22 7
12 24 5
68 36 2
52 65 7
90 57 3
96 24 6
27 54 1
42 47 1
90 23 3
20 39 4
73 47 5
78 79 3
83 69 2
38 50 6
89 38 1
91 59 1
96 71 7
17 58 5
81 79 8
91 75 7
11 38 4
76 47 4
83 54 5
59 63 5
63 63 6
29 70 2
27 51 1
28 38 6
53 60 2
50 34 7
33 23 4
83 69 1
32 50 5
97 36 1
27 56 3
54 78 8
100 36 6
29 75 3
94 78 3
24 40 7
82 31 8
70 60 2
10 29 6
29 22 1
35 68 7
85 70 2
71 44 2
94 30 4
93 79 7
68 22 6
21 75 5
10 34 6
83 49 4
97 39 5
67 79 8
85 70 7
51 49 3
95 38 4
92 80 2
84 30 4
50 38 2
87 38 4
28 76 3
22 79 5
28 70 5
26 47 8
72 37 5
38 55 4
54 37 5
11 38 3
41 57 5
64 21 4
72 31 3
37 77 3
25 47 3
46 58 8
13 36 1
37 78 5
69 37 1
24 56 1
32 70 5
82 25 1
90 28 1
19 39 6
93 59 3
43 38 4

